identifier,γίγνομαι_ὅς_πολύς_πρότερος_πόλις_ἄλλος_οἰκέω,ἄλλος_δ_ὡς_τις_ἀθηναίων_πείθω_πέμπω,τεῖχος_τις_πρός_πόλις_πολύς_ἄλλος_ἔχω,σύμμαχος_σπονδή_πόλεμος_πρός_ποιέω_γίγνομαι_σφεῖς,ἀθηναῖοι_ἀναχωρέω_ἐπ_οἶκος_δ_τις_ναῦς,ναῦς_πλέω_ὡς_ὅς_ἀθηναῖοι_πρός_ἅμα,ὁπλίτης_ἀθηναίων_ναῦς_δ_σύμμαχος_ἄλλος_ἔχω,τις_ὅς_ἄλλος_πρός_ἔχω_νῦν_ὅστις,ὡς_πολύς_ἄλλος_πρός_ἀθηναῖοι_ἦδος_χωρέω,πολύς_ἄλλος_ναῦς_ἔχω_μέγας_πρός_πᾶς,ὡς_τις_λέγω_ἄλλος_γίγνομαι_ὅστις_σφεῖς,τις_ὅς_γίγνομαι_ἄλλος_πολύς_ὡς_μᾶλλον
urn:cts:greekLit:tlg0003.tlg001.perseus-grc1:1.1.1.1,0.000620347394540943,0.000620347394540943,0.000620347394540943,0.403846153846154,0.000620347394540943,0.000620347394540943,0.000620347394540943,0.000620347394540943,0.000620347394540943,0.527915632754342,0.0626550868486352,0.000620347394540943
urn:cts:greekLit:tlg0003.tlg001.perseus-grc1:1.1.2.2,0.587890625,0.001953125,0.001953125,0.001953125,0.001953125,0.001953125,0.001953125,0.197265625,0.001953125,0.001953125,0.197265625,0.001953125
urn:cts:greekLit:tlg0003.tlg001.perseus-grc1:1.1.3.3,0.110745614035088,0.00109649122807018,0.00109649122807018,0.00109649122807018,0.00109649122807018,0.00109649122807018,0.00109649122807018,0.00109649122807018,0.00109649122807018,0.00109649122807018,0.00109649122807018,0.878289473684211
urn:cts:greekLit:tlg0003.tlg001.perseus-grc1:1.2.1.4,0.49384236453202,0.00123152709359606,0.00123152709359606,0.00123152709359606,0.00123152709359606,0.00123152709359606,0.00123152709359606,0.00123152709359606,0.00123152709359606,0.49384236453202,0.00123152709359606,0.00123152709359606
urn:cts:greekLit:tlg0003.tlg001.perseus-grc1:1.2.2.5,0.000523012552301255,0.000523012552301255,0.000523012552301255,0.026673640167364,0.000523012552301255,0.000523012552301255,0.000523012552301255,0.209728033472803,0.000523012552301255,0.758891213389121,0.000523012552301255,0.000523012552301255
urn:cts:greekLit:tlg0003.tlg001.perseus-grc1:1.2.3.6,0.678571428571429,0.00123152709359606,0.00123152709359606,0.00123152709359606,0.00123152709359606,0.00123152709359606,0.062807881773399,0.00123152709359606,0.00123152709359606,0.00123152709359606,0.00123152709359606,0.247536945812808
urn:cts:greekLit:tlg0003.tlg001.perseus-grc1:1.2.4.7,0.00140449438202247,0.00140449438202247,0.00140449438202247,0.00140449438202247,0.00140449438202247,0.00140449438202247,0.00140449438202247,0.35252808988764,0.00140449438202247,0.282303370786517,0.00140449438202247,0.35252808988764
urn:cts:greekLit:tlg0003.tlg001.perseus-grc1:1.2.5.8,0.80448717948718,0.00320512820512821,0.00320512820512821,0.00320512820512821,0.163461538461538,0.00320512820512821,0.00320512820512821,0.00320512820512821,0.00320512820512821,0.00320512820512821,0.00320512820512821,0.00320512820512821
urn:cts:greekLit:tlg0003.tlg001.perseus-grc1:1.2.6.9,0.00320512820512821,0.00320512820512821,0.00320512820512821,0.00320512820512821,0.00320512820512821,0.00320512820512821,0.00320512820512821,0.96474358974359,0.00320512820512821,0.00320512820512821,0.00320512820512821,0.00320512820512821
urn:cts:greekLit:tlg0003.tlg001.perseus-grc1:1.2.6.10,0.441262848751836,0.000734214390602056,0.000734214390602056,0.000734214390602056,0.000734214390602056,0.000734214390602056,0.000734214390602056,0.000734214390602056,0.000734214390602056,0.257709251101322,0.294419970631424,0.000734214390602056
urn:cts:greekLit:tlg0003.tlg001.perseus-grc1:1.3.1.11,0.00471698113207547,0.00471698113207547,0.00471698113207547,0.00471698113207547,0.00471698113207547,0.00471698113207547,0.00471698113207547,0.00471698113207547,0.00471698113207547,0.00471698113207547,0.00471698113207547,0.94811320754717
urn:cts:greekLit:tlg0003.tlg001.perseus-grc1:1.3.1.12,0.487864077669903,0.00242718446601942,0.00242718446601942,0.00242718446601942,0.00242718446601942,0.00242718446601942,0.00242718446601942,0.487864077669903,0.00242718446601942,0.00242718446601942,0.00242718446601942,0.00242718446601942
urn:cts:greekLit:tlg0003.tlg001.perseus-grc1:1.3.2.13,0.481949458483754,0.000601684717208183,0.000601684717208183,0.000601684717208183,0.0607701564380265,0.000601684717208183,0.000601684717208183,0.000601684717208183,0.000601684717208183,0.451865222623345,0.000601684717208183,0.000601684717208183
urn:cts:greekLit:tlg0003.tlg001.perseus-grc1:1.3.3.14,0.623456790123457,0.00617283950617284,0.00617283950617284,0.00617283950617284,0.00617283950617284,0.00617283950617284,0.00617283950617284,0.00617283950617284,0.00617283950617284,0.00617283950617284,0.314814814814815,0.00617283950617284
urn:cts:greekLit:tlg0003.tlg001.perseus-grc1:1.3.3.15,0.740147783251232,0.00123152709359606,0.00123152709359606,0.00123152709359606,0.00123152709359606,0.00123152709359606,0.00123152709359606,0.00123152709359606,0.00123152709359606,0.247536945812808,0.00123152709359606,0.00123152709359606
urn:cts:greekLit:tlg0003.tlg001.perseus-grc1:1.3.3.16,0.00163398692810458,0.00163398692810458,0.00163398692810458,0.32843137254902,0.00163398692810458,0.00163398692810458,0.00163398692810458,0.00163398692810458,0.00163398692810458,0.573529411764706,0.0833333333333333,0.00163398692810458
urn:cts:greekLit:tlg0003.tlg001.perseus-grc1:1.3.4.17,0.220394736842105,0.00109649122807018,0.00109649122807018,0.00109649122807018,0.00109649122807018,0.00109649122807018,0.00109649122807018,0.00109649122807018,0.00109649122807018,0.768640350877193,0.00109649122807018,0.00109649122807018
urn:cts:greekLit:tlg0003.tlg001.perseus-grc1:1.3.4.18,0.00320512820512821,0.00320512820512821,0.00320512820512821,0.00320512820512821,0.00320512820512821,0.00320512820512821,0.00320512820512821,0.00320512820512821,0.80448717948718,0.163461538461538,0.00320512820512821,0.00320512820512821
urn:cts:greekLit:tlg0003.tlg001.perseus-grc1:1.4.1.19,0.848399246704332,0.000941619585687382,0.000941619585687382,0.000941619585687382,0.000941619585687382,0.000941619585687382,0.000941619585687382,0.000941619585687382,0.000941619585687382,0.000941619585687382,0.000941619585687382,0.142184557438795
urn:cts:greekLit:tlg0003.tlg001.perseus-grc1:1.4.1.20,0.00177935943060498,0.00177935943060498,0.00177935943060498,0.00177935943060498,0.00177935943060498,0.00177935943060498,0.00177935943060498,0.00177935943060498,0.00177935943060498,0.980427046263345,0.00177935943060498,0.00177935943060498
urn:cts:greekLit:tlg0003.tlg001.perseus-grc1:1.5.1.21,0.113471971066908,0.000452079566003617,0.0682640144665461,0.000452079566003617,0.158679927667269,0.000452079566003617,0.000452079566003617,0.249095840867993,0.000452079566003617,0.407323688969259,0.000452079566003617,0.000452079566003617
urn:cts:greekLit:tlg0003.tlg001.perseus-grc1:1.5.2.22,0.000899280575539568,0.000899280575539568,0.000899280575539568,0.000899280575539568,0.000899280575539568,0.000899280575539568,0.000899280575539568,0.000899280575539568,0.000899280575539568,0.135791366906475,0.000899280575539568,0.85521582733813
urn:cts:greekLit:tlg0003.tlg001.perseus-grc1:1.5.3.23,0.94811320754717,0.00471698113207547,0.00471698113207547,0.00471698113207547,0.00471698113207547,0.00471698113207547,0.00471698113207547,0.00471698113207547,0.00471698113207547,0.00471698113207547,0.00471698113207547,0.00471698113207547
urn:cts:greekLit:tlg0003.tlg001.perseus-grc1:1.5.3.24,0.685546875,0.001953125,0.001953125,0.001953125,0.001953125,0.001953125,0.294921875,0.001953125,0.001953125,0.001953125,0.001953125,0.001953125
urn:cts:greekLit:tlg0003.tlg001.perseus-grc1:1.5.3.25,0.240566037735849,0.00471698113207547,0.00471698113207547,0.00471698113207547,0.00471698113207547,0.00471698113207547,0.00471698113207547,0.00471698113207547,0.00471698113207547,0.712264150943396,0.00471698113207547,0.00471698113207547
urn:cts:greekLit:tlg0003.tlg001.perseus-grc1:1.6.1.26,0.35252808988764,0.00140449438202247,0.00140449438202247,0.00140449438202247,0.00140449438202247,0.00140449438202247,0.00140449438202247,0.00140449438202247,0.35252808988764,0.282303370786517,0.00140449438202247,0.00140449438202247
urn:cts:greekLit:tlg0003.tlg001.perseus-grc1:1.6.2.27,0.609223300970874,0.00242718446601942,0.00242718446601942,0.00242718446601942,0.00242718446601942,0.00242718446601942,0.12378640776699,0.00242718446601942,0.00242718446601942,0.00242718446601942,0.00242718446601942,0.245145631067961
urn:cts:greekLit:tlg0003.tlg001.perseus-grc1:1.6.3.28,0.00276243093922652,0.140883977900553,0.00276243093922652,0.00276243093922652,0.00276243093922652,0.00276243093922652,0.00276243093922652,0.00276243093922652,0.00276243093922652,0.00276243093922652,0.831491712707182,0.00276243093922652
urn:cts:greekLit:tlg0003.tlg001.perseus-grc1:1.6.3.29,0.099609375,0.001953125,0.490234375,0.001953125,0.001953125,0.001953125,0.001953125,0.001953125,0.001953125,0.001953125,0.001953125,0.392578125
urn:cts:greekLit:tlg0003.tlg001.perseus-grc1:1.6.3.30,0.831491712707182,0.00276243093922652,0.00276243093922652,0.00276243093922652,0.00276243093922652,0.00276243093922652,0.00276243093922652,0.00276243093922652,0.00276243093922652,0.00276243093922652,0.140883977900553,0.00276243093922652
urn:cts:greekLit:tlg0003.tlg001.perseus-grc1:1.6.4.31,0.00131233595800525,0.00131233595800525,0.00131233595800525,0.00131233595800525,0.00131233595800525,0.00131233595800525,0.00131233595800525,0.00131233595800525,0.00131233595800525,0.00131233595800525,0.00131233595800525,0.985564304461942
urn:cts:greekLit:tlg0003.tlg001.perseus-grc1:1.6.5.32,0.00617283950617284,0.00617283950617284,0.623456790123457,0.314814814814815,0.00617283950617284,0.00617283950617284,0.00617283950617284,0.00617283950617284,0.00617283950617284,0.00617283950617284,0.00617283950617284,0.00617283950617284
urn:cts:greekLit:tlg0003.tlg001.perseus-grc1:1.6.5.33,0.12378640776699,0.00242718446601942,0.00242718446601942,0.00242718446601942,0.00242718446601942,0.00242718446601942,0.00242718446601942,0.851941747572815,0.00242718446601942,0.00242718446601942,0.00242718446601942,0.00242718446601942
urn:cts:greekLit:tlg0003.tlg001.perseus-grc1:1.6.5.34,0.417127071823204,0.00276243093922652,0.00276243093922652,0.00276243093922652,0.00276243093922652,0.00276243093922652,0.00276243093922652,0.00276243093922652,0.00276243093922652,0.00276243093922652,0.00276243093922652,0.55524861878453
urn:cts:greekLit:tlg0003.tlg001.perseus-grc1:1.6.6.35,0.5355871886121,0.00177935943060498,0.00177935943060498,0.00177935943060498,0.00177935943060498,0.00177935943060498,0.00177935943060498,0.446619217081851,0.00177935943060498,0.00177935943060498,0.00177935943060498,0.00177935943060498
urn:cts:greekLit:tlg0003.tlg001.perseus-grc1:1.7.1.36,0.360611510791367,0.045863309352518,0.000899280575539568,0.000899280575539568,0.360611510791367,0.000899280575539568,0.000899280575539568,0.000899280575539568,0.045863309352518,0.180755395683453,0.000899280575539568,0.000899280575539568
urn:cts:greekLit:tlg0003.tlg001.perseus-grc1:1.7.1.37,0.00109649122807018,0.00109649122807018,0.823464912280702,0.00109649122807018,0.00109649122807018,0.00109649122807018,0.00109649122807018,0.00109649122807018,0.00109649122807018,0.165570175438597,0.00109649122807018,0.00109649122807018
urn:cts:greekLit:tlg0003.tlg001.perseus-grc1:1.8.1.38,0.476415094339623,0.00471698113207547,0.00471698113207547,0.00471698113207547,0.00471698113207547,0.00471698113207547,0.00471698113207547,0.00471698113207547,0.00471698113207547,0.476415094339623,0.00471698113207547,0.00471698113207547
urn:cts:greekLit:tlg0003.tlg001.perseus-grc1:1.8.1.39,0.932098765432099,0.00617283950617284,0.00617283950617284,0.00617283950617284,0.00617283950617284,0.00617283950617284,0.00617283950617284,0.00617283950617284,0.00617283950617284,0.00617283950617284,0.00617283950617284,0.00617283950617284
urn:cts:greekLit:tlg0003.tlg001.perseus-grc1:1.8.1.40,0.82258064516129,0.0161290322580645,0.0161290322580645,0.0161290322580645,0.0161290322580645,0.0161290322580645,0.0161290322580645,0.0161290322580645,0.0161290322580645,0.0161290322580645,0.0161290322580645,0.0161290322580645
urn:cts:greekLit:tlg0003.tlg001.perseus-grc1:1.8.1.41,0.658991228070176,0.00109649122807018,0.00109649122807018,0.00109649122807018,0.00109649122807018,0.00109649122807018,0.00109649122807018,0.00109649122807018,0.00109649122807018,0.00109649122807018,0.330043859649123,0.00109649122807018
urn:cts:greekLit:tlg0003.tlg001.perseus-grc1:1.8.2.42,0.983383685800604,0.00151057401812689,0.00151057401812689,0.00151057401812689,0.00151057401812689,0.00151057401812689,0.00151057401812689,0.00151057401812689,0.00151057401812689,0.00151057401812689,0.00151057401812689,0.00151057401812689
urn:cts:greekLit:tlg0003.tlg001.perseus-grc1:1.8.3.43,0.185960591133005,0.00123152709359606,0.616995073891626,0.00123152709359606,0.00123152709359606,0.00123152709359606,0.00123152709359606,0.00123152709359606,0.00123152709359606,0.00123152709359606,0.00123152709359606,0.185960591133005
urn:cts:greekLit:tlg0003.tlg001.perseus-grc1:1.8.3.44,0.00151057401812689,0.00151057401812689,0.00151057401812689,0.00151057401812689,0.00151057401812689,0.00151057401812689,0.00151057401812689,0.756797583081571,0.00151057401812689,0.22809667673716,0.00151057401812689,0.00151057401812689
urn:cts:greekLit:tlg0003.tlg001.perseus-grc1:1.8.4.45,0.00320512820512821,0.00320512820512821,0.00320512820512821,0.00320512820512821,0.00320512820512821,0.00320512820512821,0.00320512820512821,0.00320512820512821,0.00320512820512821,0.00320512820512821,0.00320512820512821,0.96474358974359
urn:cts:greekLit:tlg0003.tlg001.perseus-grc1:1.9.1.46,0.001953125,0.392578125,0.001953125,0.001953125,0.001953125,0.001953125,0.001953125,0.001953125,0.001953125,0.001953125,0.001953125,0.587890625
urn:cts:greekLit:tlg0003.tlg001.perseus-grc1:1.9.2.47,0.561549601737871,0.000362056480811006,0.000362056480811006,0.000362056480811006,0.000362056480811006,0.000362056480811006,0.000362056480811006,0.000362056480811006,0.000362056480811006,0.108979000724113,0.326212889210717,0.000362056480811006
urn:cts:greekLit:tlg0003.tlg001.perseus-grc1:1.9.3.48,0.00151057401812689,0.00151057401812689,0.00151057401812689,0.00151057401812689,0.00151057401812689,0.00151057401812689,0.00151057401812689,0.00151057401812689,0.00151057401812689,0.983383685800604,0.00151057401812689,0.00151057401812689
urn:cts:greekLit:tlg0003.tlg001.perseus-grc1:1.9.4.49,0.00177935943060498,0.0907473309608541,0.00177935943060498,0.00177935943060498,0.00177935943060498,0.00177935943060498,0.446619217081851,0.00177935943060498,0.00177935943060498,0.00177935943060498,0.00177935943060498,0.446619217081851
urn:cts:greekLit:tlg0003.tlg001.perseus-grc1:1.9.4.50,0.00381679389312977,0.00381679389312977,0.00381679389312977,0.958015267175573,0.00381679389312977,0.00381679389312977,0.00381679389312977,0.00381679389312977,0.00381679389312977,0.00381679389312977,0.00381679389312977,0.00381679389312977
urn:cts:greekLit:tlg0003.tlg001.perseus-grc1:1.9.4.51,0.218614718614719,0.00216450216450216,0.00216450216450216,0.00216450216450216,0.435064935064935,0.00216450216450216,0.00216450216450216,0.00216450216450216,0.00216450216450216,0.326839826839827,0.00216450216450216,0.00216450216450216
urn:cts:greekLit:tlg0003.tlg001.perseus-grc1:1.9.4.52,0.00381679389312977,0.00381679389312977,0.00381679389312977,0.00381679389312977,0.00381679389312977,0.00381679389312977,0.00381679389312977,0.00381679389312977,0.00381679389312977,0.00381679389312977,0.00381679389312977,0.958015267175573
urn:cts:greekLit:tlg0003.tlg001.perseus-grc1:1.10.1.53,0.000941619585687382,0.000941619585687382,0.000941619585687382,0.000941619585687382,0.0951035781544256,0.000941619585687382,0.000941619585687382,0.000941619585687382,0.000941619585687382,0.000941619585687382,0.000941619585687382,0.895480225988701
urn:cts:greekLit:tlg0003.tlg001.perseus-grc1:1.10.2.54,0.673512747875354,0.000708215297450425,0.000708215297450425,0.000708215297450425,0.000708215297450425,0.0361189801699717,0.000708215297450425,0.28399433427762,0.000708215297450425,0.000708215297450425,0.000708215297450425,0.000708215297450425
urn:cts:greekLit:tlg0003.tlg001.perseus-grc1:1.10.2.55,0.37758945386064,0.000941619585687382,0.000941619585687382,0.000941619585687382,0.000941619585687382,0.000941619585687382,0.000941619585687382,0.000941619585687382,0.000941619585687382,0.518832391713748,0.000941619585687382,0.0951035781544256
urn:cts:greekLit:tlg0003.tlg001.perseus-grc1:1.10.3.56,0.000601684717208183,0.000601684717208183,0.000601684717208183,0.000601684717208183,0.000601684717208183,0.000601684717208183,0.000601684717208183,0.000601684717208183,0.000601684717208183,0.000601684717208183,0.000601684717208183,0.99338146811071
urn:cts:greekLit:tlg0003.tlg001.perseus-grc1:1.10.4.57,0.00140449438202247,0.00140449438202247,0.00140449438202247,0.00140449438202247,0.00140449438202247,0.00140449438202247,0.563202247191011,0.00140449438202247,0.00140449438202247,0.00140449438202247,0.00140449438202247,0.422752808988764
urn:cts:greekLit:tlg0003.tlg001.perseus-grc1:1.10.4.58,0.00320512820512821,0.00320512820512821,0.00320512820512821,0.00320512820512821,0.00320512820512821,0.00320512820512821,0.00320512820512821,0.00320512820512821,0.00320512820512821,0.96474358974359,0.00320512820512821,0.00320512820512821
urn:cts:greekLit:tlg0003.tlg001.perseus-grc1:1.10.4.59,0.00320512820512821,0.00320512820512821,0.00320512820512821,0.00320512820512821,0.00320512820512821,0.00320512820512821,0.00320512820512821,0.00320512820512821,0.00320512820512821,0.96474358974359,0.00320512820512821,0.00320512820512821
urn:cts:greekLit:tlg0003.tlg001.perseus-grc1:1.10.4.60,0.00617283950617284,0.00617283950617284,0.00617283950617284,0.314814814814815,0.00617283950617284,0.00617283950617284,0.314814814814815,0.314814814814815,0.00617283950617284,0.00617283950617284,0.00617283950617284,0.00617283950617284
urn:cts:greekLit:tlg0003.tlg001.perseus-grc1:1.10.4.61,0.000941619585687382,0.000941619585687382,0.000941619585687382,0.189265536723164,0.000941619585687382,0.330508474576271,0.000941619585687382,0.000941619585687382,0.000941619585687382,0.000941619585687382,0.000941619585687382,0.471751412429379
urn:cts:greekLit:tlg0003.tlg001.perseus-grc1:1.10.5.62,0.00131233595800525,0.00131233595800525,0.00131233595800525,0.00131233595800525,0.00131233595800525,0.526246719160105,0.00131233595800525,0.198162729658793,0.00131233595800525,0.263779527559055,0.00131233595800525,0.00131233595800525
urn:cts:greekLit:tlg0003.tlg001.perseus-grc1:1.11.1.63,0.00471698113207547,0.00471698113207547,0.00471698113207547,0.00471698113207547,0.00471698113207547,0.00471698113207547,0.00471698113207547,0.00471698113207547,0.00471698113207547,0.00471698113207547,0.00471698113207547,0.94811320754717
urn:cts:greekLit:tlg0003.tlg001.perseus-grc1:1.11.1.64,0.14185393258427,0.492977528089888,0.00140449438202247,0.00140449438202247,0.00140449438202247,0.00140449438202247,0.00140449438202247,0.00140449438202247,0.00140449438202247,0.35252808988764,0.00140449438202247,0.00140449438202247
urn:cts:greekLit:tlg0003.tlg001.perseus-grc1:1.11.1.65,0.00123152709359606,0.00123152709359606,0.309113300492611,0.00123152709359606,0.00123152709359606,0.00123152709359606,0.00123152709359606,0.00123152709359606,0.185960591133005,0.49384236453202,0.00123152709359606,0.00123152709359606
urn:cts:greekLit:tlg0003.tlg001.perseus-grc1:1.11.1.66,0.00216450216450216,0.00216450216450216,0.00216450216450216,0.00216450216450216,0.00216450216450216,0.00216450216450216,0.00216450216450216,0.00216450216450216,0.00216450216450216,0.867965367965368,0.11038961038961,0.00216450216450216
urn:cts:greekLit:tlg0003.tlg001.perseus-grc1:1.11.2.67,0.00076219512195122,0.00076219512195122,0.00076219512195122,0.00076219512195122,0.00076219512195122,0.00076219512195122,0.00076219512195122,0.00076219512195122,0.00076219512195122,0.991615853658537,0.00076219512195122,0.00076219512195122
urn:cts:greekLit:tlg0003.tlg001.perseus-grc1:1.11.2.68,0.00177935943060498,0.00177935943060498,0.00177935943060498,0.00177935943060498,0.00177935943060498,0.00177935943060498,0.00177935943060498,0.00177935943060498,0.00177935943060498,0.00177935943060498,0.00177935943060498,0.980427046263345
urn:cts:greekLit:tlg0003.tlg001.perseus-grc1:1.12.1.69,0.96474358974359,0.00320512820512821,0.00320512820512821,0.00320512820512821,0.00320512820512821,0.00320512820512821,0.00320512820512821,0.00320512820512821,0.00320512820512821,0.00320512820512821,0.00320512820512821,0.00320512820512821
urn:cts:greekLit:tlg0003.tlg001.perseus-grc1:1.12.2.70,0.801724137931035,0.00123152709359606,0.00123152709359606,0.00123152709359606,0.00123152709359606,0.00123152709359606,0.00123152709359606,0.00123152709359606,0.00123152709359606,0.00123152709359606,0.00123152709359606,0.185960591133005
urn:cts:greekLit:tlg0003.tlg001.perseus-grc1:1.12.3.71,0.810251798561151,0.000899280575539568,0.000899280575539568,0.000899280575539568,0.000899280575539568,0.000899280575539568,0.180755395683453,0.000899280575539568,0.000899280575539568,0.000899280575539568,0.000899280575539568,0.000899280575539568
urn:cts:greekLit:tlg0003.tlg001.perseus-grc1:1.12.4.72,0.405575539568345,0.000899280575539568,0.000899280575539568,0.000899280575539568,0.000899280575539568,0.000899280575539568,0.000899280575539568,0.000899280575539568,0.000899280575539568,0.585431654676259,0.000899280575539568,0.000899280575539568
urn:cts:greekLit:tlg0003.tlg001.perseus-grc1:1.12.4.73,0.94811320754717,0.00471698113207547,0.00471698113207547,0.00471698113207547,0.00471698113207547,0.00471698113207547,0.00471698113207547,0.00471698113207547,0.00471698113207547,0.00471698113207547,0.00471698113207547,0.00471698113207547
urn:cts:greekLit:tlg0003.tlg001.perseus-grc1:1.13.1.74,0.496189024390244,0.00076219512195122,0.00076219512195122,0.00076219512195122,0.00076219512195122,0.00076219512195122,0.00076219512195122,0.00076219512195122,0.00076219512195122,0.496189024390244,0.00076219512195122,0.00076219512195122
urn:cts:greekLit:tlg0003.tlg001.perseus-grc1:1.13.2.75,0.00151057401812689,0.0770392749244713,0.00151057401812689,0.00151057401812689,0.00151057401812689,0.379154078549849,0.00151057401812689,0.00151057401812689,0.00151057401812689,0.454682779456193,0.0770392749244713,0.00151057401812689
urn:cts:greekLit:tlg0003.tlg001.perseus-grc1:1.13.3.76,0.00320512820512821,0.00320512820512821,0.00320512820512821,0.00320512820512821,0.00320512820512821,0.80448717948718,0.00320512820512821,0.00320512820512821,0.00320512820512821,0.00320512820512821,0.00320512820512821,0.163461538461538
urn:cts:greekLit:tlg0003.tlg001.perseus-grc1:1.13.3.77,0.867965367965368,0.00216450216450216,0.00216450216450216,0.00216450216450216,0.00216450216450216,0.00216450216450216,0.11038961038961,0.00216450216450216,0.00216450216450216,0.00216450216450216,0.00216450216450216,0.00216450216450216
urn:cts:greekLit:tlg0003.tlg001.perseus-grc1:1.13.4.78,0.00242718446601942,0.00242718446601942,0.00242718446601942,0.245145631067961,0.00242718446601942,0.730582524271845,0.00242718446601942,0.00242718446601942,0.00242718446601942,0.00242718446601942,0.00242718446601942,0.00242718446601942
urn:cts:greekLit:tlg0003.tlg001.perseus-grc1:1.13.4.79,0.483974358974359,0.00320512820512821,0.00320512820512821,0.00320512820512821,0.00320512820512821,0.00320512820512821,0.483974358974359,0.00320512820512821,0.00320512820512821,0.00320512820512821,0.00320512820512821,0.00320512820512821
urn:cts:greekLit:tlg0003.tlg001.perseus-grc1:1.13.5.80,0.762957317073171,0.00076219512195122,0.00076219512195122,0.00076219512195122,0.191310975609756,0.0388719512195122,0.00076219512195122,0.00076219512195122,0.00076219512195122,0.00076219512195122,0.00076219512195122,0.00076219512195122
urn:cts:greekLit:tlg0003.tlg001.perseus-grc1:1.13.5.81,0.455357142857143,0.00892857142857143,0.00892857142857143,0.00892857142857143,0.00892857142857143,0.00892857142857143,0.00892857142857143,0.00892857142857143,0.455357142857143,0.00892857142857143,0.00892857142857143,0.00892857142857143
urn:cts:greekLit:tlg0003.tlg001.perseus-grc1:1.13.5.82,0.198162729658793,0.00131233595800525,0.00131233595800525,0.263779527559055,0.00131233595800525,0.00131233595800525,0.00131233595800525,0.00131233595800525,0.00131233595800525,0.526246719160105,0.00131233595800525,0.00131233595800525
urn:cts:greekLit:tlg0003.tlg001.perseus-grc1:1.13.6.83,0.984550561797753,0.00140449438202247,0.00140449438202247,0.00140449438202247,0.00140449438202247,0.00140449438202247,0.00140449438202247,0.00140449438202247,0.00140449438202247,0.00140449438202247,0.00140449438202247,0.00140449438202247
urn:cts:greekLit:tlg0003.tlg001.perseus-grc1:1.13.6.84,0.90785498489426,0.00151057401812689,0.00151057401812689,0.00151057401812689,0.00151057401812689,0.0770392749244713,0.00151057401812689,0.00151057401812689,0.00151057401812689,0.00151057401812689,0.00151057401812689,0.00151057401812689
urn:cts:greekLit:tlg0003.tlg001.perseus-grc1:1.13.6.85,0.623456790123457,0.00617283950617284,0.00617283950617284,0.00617283950617284,0.00617283950617284,0.314814814814815,0.00617283950617284,0.00617283950617284,0.00617283950617284,0.00617283950617284,0.00617283950617284,0.00617283950617284
urn:cts:greekLit:tlg0003.tlg001.perseus-grc1:1.14.1.86,0.00892857142857143,0.00892857142857143,0.00892857142857143,0.00892857142857143,0.00892857142857143,0.00892857142857143,0.00892857142857143,0.00892857142857143,0.00892857142857143,0.901785714285714,0.00892857142857143,0.00892857142857143
urn:cts:greekLit:tlg0003.tlg001.perseus-grc1:1.14.1.87,0.00140449438202247,0.422752808988764,0.563202247191011,0.00140449438202247,0.00140449438202247,0.00140449438202247,0.00140449438202247,0.00140449438202247,0.00140449438202247,0.00140449438202247,0.00140449438202247,0.00140449438202247
urn:cts:greekLit:tlg0003.tlg001.perseus-grc1:1.14.2.88,0.773876404494382,0.0716292134831461,0.00140449438202247,0.00140449438202247,0.00140449438202247,0.0716292134831461,0.00140449438202247,0.00140449438202247,0.00140449438202247,0.0716292134831461,0.00140449438202247,0.00140449438202247
urn:cts:greekLit:tlg0003.tlg001.perseus-grc1:1.14.2.89,0.487864077669903,0.00242718446601942,0.245145631067961,0.00242718446601942,0.00242718446601942,0.00242718446601942,0.00242718446601942,0.00242718446601942,0.00242718446601942,0.00242718446601942,0.245145631067961,0.00242718446601942
urn:cts:greekLit:tlg0003.tlg001.perseus-grc1:1.14.3.90,0.487864077669903,0.366504854368932,0.12378640776699,0.00242718446601942,0.00242718446601942,0.00242718446601942,0.00242718446601942,0.00242718446601942,0.00242718446601942,0.00242718446601942,0.00242718446601942,0.00242718446601942
urn:cts:greekLit:tlg0003.tlg001.perseus-grc1:1.14.3.91,0.526246719160105,0.00131233595800525,0.00131233595800525,0.00131233595800525,0.00131233595800525,0.39501312335958,0.00131233595800525,0.00131233595800525,0.00131233595800525,0.00131233595800525,0.0669291338582677,0.00131233595800525
urn:cts:greekLit:tlg0003.tlg001.perseus-grc1:1.14.3.92,0.00471698113207547,0.00471698113207547,0.00471698113207547,0.00471698113207547,0.00471698113207547,0.00471698113207547,0.00471698113207547,0.00471698113207547,0.00471698113207547,0.94811320754717,0.00471698113207547,0.00471698113207547
urn:cts:greekLit:tlg0003.tlg001.perseus-grc1:1.15.1.93,0.96474358974359,0.00320512820512821,0.00320512820512821,0.00320512820512821,0.00320512820512821,0.00320512820512821,0.00320512820512821,0.00320512820512821,0.00320512820512821,0.00320512820512821,0.00320512820512821,0.00320512820512821
urn:cts:greekLit:tlg0003.tlg001.perseus-grc1:1.15.1.94,0.326839826839827,0.00216450216450216,0.00216450216450216,0.00216450216450216,0.00216450216450216,0.00216450216450216,0.00216450216450216,0.00216450216450216,0.00216450216450216,0.651515151515151,0.00216450216450216,0.00216450216450216
urn:cts:greekLit:tlg0003.tlg001.perseus-grc1:1.15.1.95,0.831491712707182,0.00276243093922652,0.00276243093922652,0.00276243093922652,0.00276243093922652,0.140883977900553,0.00276243093922652,0.00276243093922652,0.00276243093922652,0.00276243093922652,0.00276243093922652,0.00276243093922652
urn:cts:greekLit:tlg0003.tlg001.perseus-grc1:1.15.2.96,0.00242718446601942,0.00242718446601942,0.00242718446601942,0.00242718446601942,0.00242718446601942,0.00242718446601942,0.00242718446601942,0.00242718446601942,0.12378640776699,0.851941747572815,0.00242718446601942,0.00242718446601942
urn:cts:greekLit:tlg0003.tlg001.perseus-grc1:1.15.2.97,0.00151057401812689,0.22809667673716,0.00151057401812689,0.00151057401812689,0.00151057401812689,0.00151057401812689,0.00151057401812689,0.00151057401812689,0.00151057401812689,0.756797583081571,0.00151057401812689,0.00151057401812689
urn:cts:greekLit:tlg0003.tlg001.perseus-grc1:1.15.2.98,0.00109649122807018,0.055921052631579,0.00109649122807018,0.165570175438597,0.00109649122807018,0.00109649122807018,0.00109649122807018,0.00109649122807018,0.055921052631579,0.713815789473684,0.00109649122807018,0.00109649122807018
urn:cts:greekLit:tlg0003.tlg001.perseus-grc1:1.15.3.99,0.818627450980392,0.0833333333333333,0.00163398692810458,0.00163398692810458,0.00163398692810458,0.00163398692810458,0.00163398692810458,0.00163398692810458,0.00163398692810458,0.00163398692810458,0.00163398692810458,0.0833333333333333
urn:cts:greekLit:tlg0003.tlg001.perseus-grc1:1.16.1.100,0.372112211221122,0.000825082508250825,0.413366336633663,0.000825082508250825,0.000825082508250825,0.000825082508250825,0.000825082508250825,0.000825082508250825,0.000825082508250825,0.207095709570957,0.000825082508250825,0.000825082508250825
urn:cts:greekLit:tlg0003.tlg001.perseus-grc1:1.17.1.101,0.551395007342144,0.000734214390602056,0.000734214390602056,0.000734214390602056,0.0374449339207048,0.000734214390602056,0.000734214390602056,0.000734214390602056,0.000734214390602056,0.000734214390602056,0.000734214390602056,0.404552129221733
urn:cts:greekLit:tlg0003.tlg001.perseus-grc1:1.17.1.102,0.94811320754717,0.00471698113207547,0.00471698113207547,0.00471698113207547,0.00471698113207547,0.00471698113207547,0.00471698113207547,0.00471698113207547,0.00471698113207547,0.00471698113207547,0.00471698113207547,0.00471698113207547
urn:cts:greekLit:tlg0003.tlg001.perseus-grc1:1.17.1.103,0.22809667673716,0.00151057401812689,0.00151057401812689,0.00151057401812689,0.00151057401812689,0.00151057401812689,0.00151057401812689,0.00151057401812689,0.00151057401812689,0.00151057401812689,0.00151057401812689,0.756797583081571
urn:cts:greekLit:tlg0003.tlg001.perseus-grc1:1.18.1.104,0.793185419968304,0.000792393026941363,0.000792393026941363,0.198890649762282,0.000792393026941363,0.000792393026941363,0.000792393026941363,0.000792393026941363,0.000792393026941363,0.000792393026941363,0.000792393026941363,0.000792393026941363
urn:cts:greekLit:tlg0003.tlg001.perseus-grc1:1.18.1.105,0.779745042492918,0.000708215297450425,0.000708215297450425,0.000708215297450425,0.000708215297450425,0.000708215297450425,0.000708215297450425,0.000708215297450425,0.000708215297450425,0.000708215297450425,0.213172804532578,0.000708215297450425
urn:cts:greekLit:tlg0003.tlg001.perseus-grc1:1.18.2.106,0.587890625,0.001953125,0.001953125,0.001953125,0.001953125,0.392578125,0.001953125,0.001953125,0.001953125,0.001953125,0.001953125,0.001953125
urn:cts:greekLit:tlg0003.tlg001.perseus-grc1:1.18.2.107,0.468814968814969,0.00103950103950104,0.00103950103950104,0.00103950103950104,0.00103950103950104,0.156964656964657,0.00103950103950104,0.208939708939709,0.00103950103950104,0.00103950103950104,0.00103950103950104,0.156964656964657
urn:cts:greekLit:tlg0003.tlg001.perseus-grc1:1.18.2.108,0.303625377643505,0.00151057401812689,0.00151057401812689,0.681268882175227,0.00151057401812689,0.00151057401812689,0.00151057401812689,0.00151057401812689,0.00151057401812689,0.00151057401812689,0.00151057401812689,0.00151057401812689
urn:cts:greekLit:tlg0003.tlg001.perseus-grc1:1.18.2.109,0.00617283950617284,0.00617283950617284,0.00617283950617284,0.00617283950617284,0.00617283950617284,0.00617283950617284,0.00617283950617284,0.00617283950617284,0.00617283950617284,0.00617283950617284,0.00617283950617284,0.932098765432099
urn:cts:greekLit:tlg0003.tlg001.perseus-grc1:1.18.2.110,0.00617283950617284,0.00617283950617284,0.00617283950617284,0.00617283950617284,0.00617283950617284,0.00617283950617284,0.00617283950617284,0.00617283950617284,0.00617283950617284,0.932098765432099,0.00617283950617284,0.00617283950617284
urn:cts:greekLit:tlg0003.tlg001.perseus-grc1:1.18.3.111,0.802491103202847,0.00177935943060498,0.00177935943060498,0.179715302491103,0.00177935943060498,0.00177935943060498,0.00177935943060498,0.00177935943060498,0.00177935943060498,0.00177935943060498,0.00177935943060498,0.00177935943060498
urn:cts:greekLit:tlg0003.tlg001.perseus-grc1:1.18.3.112,0.730582524271845,0.12378640776699,0.00242718446601942,0.00242718446601942,0.00242718446601942,0.00242718446601942,0.00242718446601942,0.00242718446601942,0.12378640776699,0.00242718446601942,0.00242718446601942,0.00242718446601942
urn:cts:greekLit:tlg0003.tlg001.perseus-grc1:1.18.3.113,0.00123152709359606,0.00123152709359606,0.00123152709359606,0.309113300492611,0.00123152709359606,0.00123152709359606,0.00123152709359606,0.124384236453202,0.00123152709359606,0.555418719211823,0.00123152709359606,0.00123152709359606
urn:cts:greekLit:tlg0003.tlg001.perseus-grc1:1.19.1.114,0.267530487804878,0.00076219512195122,0.00076219512195122,0.00076219512195122,0.00076219512195122,0.00076219512195122,0.305640243902439,0.00076219512195122,0.00076219512195122,0.0769817073170732,0.34375,0.00076219512195122
urn:cts:greekLit:tlg0003.tlg001.perseus-grc1:1.19.1.115,0.00216450216450216,0.00216450216450216,0.00216450216450216,0.218614718614719,0.00216450216450216,0.00216450216450216,0.00216450216450216,0.00216450216450216,0.00216450216450216,0.75974025974026,0.00216450216450216,0.00216450216450216
urn:cts:greekLit:tlg0003.tlg001.perseus-grc1:1.20.1.116,0.00242718446601942,0.00242718446601942,0.00242718446601942,0.00242718446601942,0.00242718446601942,0.00242718446601942,0.00242718446601942,0.00242718446601942,0.00242718446601942,0.00242718446601942,0.00242718446601942,0.973300970873786
urn:cts:greekLit:tlg0003.tlg001.perseus-grc1:1.20.1.117,0.00216450216450216,0.00216450216450216,0.00216450216450216,0.435064935064935,0.00216450216450216,0.00216450216450216,0.00216450216450216,0.00216450216450216,0.00216450216450216,0.00216450216450216,0.00216450216450216,0.543290043290043
urn:cts:greekLit:tlg0003.tlg001.perseus-grc1:1.20.2.118,0.18128390596745,0.000452079566003617,0.000452079566003617,0.000452079566003617,0.000452079566003617,0.000452079566003617,0.000452079566003617,0.0456600361663653,0.000452079566003617,0.000452079566003617,0.226491862567812,0.542947558770344
urn:cts:greekLit:tlg0003.tlg001.perseus-grc1:1.20.3.119,0.000941619585687382,0.000941619585687382,0.000941619585687382,0.000941619585687382,0.000941619585687382,0.000941619585687382,0.000941619585687382,0.565913370998117,0.000941619585687382,0.37758945386064,0.0480225988700565,0.000941619585687382
urn:cts:greekLit:tlg0003.tlg001.perseus-grc1:1.20.3.120,0.00276243093922652,0.00276243093922652,0.00276243093922652,0.00276243093922652,0.00276243093922652,0.00276243093922652,0.00276243093922652,0.279005524861878,0.00276243093922652,0.00276243093922652,0.00276243093922652,0.693370165745856
urn:cts:greekLit:tlg0003.tlg001.perseus-grc1:1.21.1.121,0.000683994528043776,0.000683994528043776,0.000683994528043776,0.000683994528043776,0.000683994528043776,0.000683994528043776,0.000683994528043776,0.000683994528043776,0.000683994528043776,0.000683994528043776,0.000683994528043776,0.992476060191518
urn:cts:greekLit:tlg0003.tlg001.perseus-grc1:1.21.2.122,0.000988142292490119,0.000988142292490119,0.000988142292490119,0.000988142292490119,0.000988142292490119,0.000988142292490119,0.000988142292490119,0.000988142292490119,0.000988142292490119,0.000988142292490119,0.000988142292490119,0.989130434782609
urn:cts:greekLit:tlg0003.tlg001.perseus-grc1:1.22.1.123,0.00131233595800525,0.00131233595800525,0.00131233595800525,0.00131233595800525,0.00131233595800525,0.00131233595800525,0.00131233595800525,0.00131233595800525,0.00131233595800525,0.00131233595800525,0.00131233595800525,0.985564304461942
urn:cts:greekLit:tlg0003.tlg001.perseus-grc1:1.22.1.124,0.00109649122807018,0.00109649122807018,0.00109649122807018,0.00109649122807018,0.00109649122807018,0.00109649122807018,0.00109649122807018,0.00109649122807018,0.00109649122807018,0.00109649122807018,0.00109649122807018,0.987938596491228
urn:cts:greekLit:tlg0003.tlg001.perseus-grc1:1.22.2.125,0.000941619585687382,0.000941619585687382,0.000941619585687382,0.000941619585687382,0.000941619585687382,0.000941619585687382,0.000941619585687382,0.000941619585687382,0.000941619585687382,0.000941619585687382,0.000941619585687382,0.989642184557439
urn:cts:greekLit:tlg0003.tlg001.perseus-grc1:1.22.3.126,0.00131233595800525,0.00131233595800525,0.00131233595800525,0.00131233595800525,0.00131233595800525,0.00131233595800525,0.00131233595800525,0.00131233595800525,0.00131233595800525,0.00131233595800525,0.00131233595800525,0.985564304461942
urn:cts:greekLit:tlg0003.tlg001.perseus-grc1:1.22.4.127,0.00892857142857143,0.00892857142857143,0.00892857142857143,0.00892857142857143,0.00892857142857143,0.00892857142857143,0.00892857142857143,0.00892857142857143,0.00892857142857143,0.901785714285714,0.00892857142857143,0.00892857142857143
urn:cts:greekLit:tlg0003.tlg001.perseus-grc1:1.22.4.128,0.00131233595800525,0.263779527559055,0.00131233595800525,0.00131233595800525,0.00131233595800525,0.00131233595800525,0.00131233595800525,0.00131233595800525,0.00131233595800525,0.00131233595800525,0.00131233595800525,0.723097112860892
urn:cts:greekLit:tlg0003.tlg001.perseus-grc1:1.22.4.129,0.00320512820512821,0.00320512820512821,0.00320512820512821,0.323717948717949,0.00320512820512821,0.00320512820512821,0.00320512820512821,0.00320512820512821,0.00320512820512821,0.00320512820512821,0.163461538461538,0.483974358974359
urn:cts:greekLit:tlg0003.tlg001.perseus-grc1:1.23.1.130,0.00163398692810458,0.00163398692810458,0.00163398692810458,0.00163398692810458,0.00163398692810458,0.0833333333333333,0.00163398692810458,0.00163398692810458,0.00163398692810458,0.900326797385621,0.00163398692810458,0.00163398692810458
urn:cts:greekLit:tlg0003.tlg001.perseus-grc1:1.23.1.131,0.00177935943060498,0.00177935943060498,0.00177935943060498,0.00177935943060498,0.00177935943060498,0.00177935943060498,0.00177935943060498,0.0907473309608541,0.00177935943060498,0.00177935943060498,0.00177935943060498,0.891459074733096
urn:cts:greekLit:tlg0003.tlg001.perseus-grc1:1.23.2.132,0.823464912280702,0.00109649122807018,0.00109649122807018,0.00109649122807018,0.055921052631579,0.00109649122807018,0.00109649122807018,0.00109649122807018,0.00109649122807018,0.00109649122807018,0.110745614035088,0.00109649122807018
urn:cts:greekLit:tlg0003.tlg001.perseus-grc1:1.23.3.133,0.451865222623345,0.000601684717208183,0.000601684717208183,0.000601684717208183,0.000601684717208183,0.000601684717208183,0.000601684717208183,0.000601684717208183,0.000601684717208183,0.000601684717208183,0.000601684717208183,0.542117930204573
urn:cts:greekLit:tlg0003.tlg001.perseus-grc1:1.23.3.134,0.00471698113207547,0.00471698113207547,0.00471698113207547,0.00471698113207547,0.00471698113207547,0.00471698113207547,0.00471698113207547,0.00471698113207547,0.240566037735849,0.712264150943396,0.00471698113207547,0.00471698113207547
urn:cts:greekLit:tlg0003.tlg001.perseus-grc1:1.23.4.135,0.00216450216450216,0.00216450216450216,0.00216450216450216,0.543290043290043,0.326839826839827,0.00216450216450216,0.11038961038961,0.00216450216450216,0.00216450216450216,0.00216450216450216,0.00216450216450216,0.00216450216450216
urn:cts:greekLit:tlg0003.tlg001.perseus-grc1:1.23.5.136,0.00140449438202247,0.00140449438202247,0.00140449438202247,0.212078651685393,0.00140449438202247,0.00140449438202247,0.00140449438202247,0.773876404494382,0.00140449438202247,0.00140449438202247,0.00140449438202247,0.00140449438202247
